# Image list with two lines of data per image:
#   IMAGE_ID, QW, QX, QY, QZ, TX, TY, TZ, CAMERA_ID, NAME
#   POINTS2D[] as (X, Y, POINT3D_ID)
# Number of images: 20, mean observations per image: 6.1000
1 0.37521 0.60262 0.59931 -0.36998 -84.67063 -7.98237 1612.53380 1 pd_predicted_0_0.png
308 209 0 233 158 1 371 157 2 356 290 3 254 288 4 254 286 10 203 354 11 
2 0.43083 0.69321 0.49217 -0.30267 -103.26206 6.09732 1584.90471 1 pd_predicted_1_0.png
348 207 0 256 169 1 379 282 3 284 293 4 283 296 10 244 366 11 239 301 15 
3 0.47347 0.76288 0.37553 -0.22982 -110.41832 21.71187 1555.03509 1 pd_predicted_2_0.png
380 203 0 278 176 1 395 272 3 316 298 4 313 296 10 286 372 11 272 312 15 
4 0.50298 0.81080 0.25621 -0.15485 -106.67707 36.67512 1526.01601 1 pd_predicted_3_0.png
407 193 0 307 177 1 402 265 3 297 237 9 333 374 11 311 312 15 
5 0.52211 0.84198 0.11777 -0.06779 -90.98031 51.76087 1495.69146 1 pd_predicted_4_0.png
342 177 1 279 177 7 320 240 9 379 367 11 343 308 15 
6 0.52690 0.84986 -0.00528 0.00891 -68.95402 62.45932 1473.82526 1 pd_predicted_5_0.png
364 173 1 294 180 7 327 174 8 340 238 9 412 354 11 258 274 14 371 303 15 
7 0.52149 0.84088 -0.12038 0.08044 -42.86163 69.53302 1458.39582 1 pd_predicted_6_0.png
385 167 1 279 145 6 308 178 7 345 171 8 357 232 9 434 341 11 265 281 14 390 288 15 
8 0.50409 0.81179 -0.24798 0.15934 -9.44356 73.25219 1449.15837 1 pd_predicted_7_0.png
398 156 1 274 145 6 326 180 7 372 161 8 369 228 9 274 285 14 408 278 15 
9 0.47434 0.76402 -0.36949 0.23396 24.84434 72.65441 1449.88402 1 pd_predicted_8_0.png
275 152 6 346 176 7 384 153 8 371 218 9 291 293 14 418 259 15 
10 0.42795 0.68977 -0.49440 0.31088 60.43206 66.59266 1462.39478 1 pd_predicted_9_0.png
293 315 5 278 157 6 361 168 7 398 144 8 384 207 9 279 199 12 304 291 14 414 246 15 
11 -0.36996 -0.59651 0.60388 -0.37765 88.92662 55.72077 1485.39145 1 pd_predicted_10_0.png
309 321 5 286 164 6 371 161 7 391 131 8 372 199 9 271 205 12 327 294 14 
12 -0.31262 -0.50476 0.68286 -0.42567 105.45008 43.72018 1510.79104 1 pd_predicted_11_0.png
323 326 5 295 167 6 371 157 7 266 209 12 209 237 13 337 289 14 
13 -0.23463 -0.37980 0.75983 -0.47262 114.16796 27.07819 1545.77104 1 pd_predicted_12_0.png
329 326 5 304 163 6 366 144 7 264 216 12 206 259 13 348 283 14 
14 -0.15835 -0.25699 0.80983 -0.50305 110.65602 11.64848 1577.96005 1 pd_predicted_13_0.png
245 153 2 343 321 5 318 162 6 359 137 7 270 220 12 208 271 13 360 277 14 
15 -0.07395 -0.12132 0.84118 -0.52175 95.67139 -3.28510 1608.62619 1 pd_predicted_14_0.png
259 163 2 347 312 5 330 162 6 283 226 12 220 287 13 361 273 14 
16 0.01203 0.01674 0.84985 -0.52663 70.82631 -15.24077 1632.20828 1 pd_predicted_15_0.png
271 163 2 357 303 5 336 159 6 242 300 13 
17 0.09493 0.15008 0.83655 -0.51831 39.81067 -22.85676 1646.24529 1 pd_predicted_16_0.png
296 170 2 214 242 4 274 305 13 
18 0.18565 0.29552 0.79663 -0.49354 0.52818 -25.82885 1650.19453 1 pd_predicted_17_0.png
321 172 2 274 293 3 212 255 4 211 256 10 311 311 13 
19 0.25326 0.40513 0.74686 -0.46252 -30.88669 -23.77723 1644.69338 1 pd_predicted_18_0.png
339 169 2 303 295 3 216 270 4 219 270 10 166 319 11 
20 0.32130 0.51528 0.67570 -0.41795 -62.00126 -17.22985 1631.02749 1 pd_predicted_19_0.png
358 164 2 333 295 3 235 279 4 235 277 10 182 337 11 
