# 3D point list with one line of data per point:
#   POINT3D_ID, X, Y, Z, R, G, B, ERROR, TRACK[] as (IMAGE_ID, POINT2D_IDX)
# Number of points: 16, mean track length: 7.625
0 119.5865707397461 84.26012420654297 70.25777435302734 255 255 255 0.0 1 0 2 1 3 2 4 3
1 92.15229034423828 54.54233932495117 79.7071304321289 255 255 255 0.0 1 0 2 1 3 2 4 3 5 4 6 5 7 6 8 7
2 87.96226501464844 109.52427673339844 78.11807250976562 255 255 255 0.0 14 0 15 1 16 2 17 3 18 4 19 5 20 6 1 7
3 105.31986236572266 103.48812866210938 27.588842391967773 255 255 255 0.0 18 0 19 1 20 2 1 3 2 4 3 5 4 6
4 105.64923095703125 62.905128479003906 29.217315673828125 255 255 255 0.0 17 0 18 1 19 2 20 3 1 4 2 5 3 6
5 55.05788040161133 87.6922607421875 4.4881792068481445 255 255 255 0.0 16 0 15 1 14 2 13 3 12 4 11 5 10 6
6 61.583274841308594 96.30814361572266 74.35712432861328 255 255 255 0.0 16 0 15 1 14 2 13 3 12 4 11 5 10 6 9 7 8 8 7 9
7 64.85918426513672 62.86044692993164 72.5576171875 255 255 255 0.0 14 0 13 1 12 2 11 3 10 4 9 5 8 6 7 7 6 8 5 9
8 77.5164794921875 53.59959411621094 80.07538604736328 255 255 255 0.0 11 0 10 1 9 2 8 3 7 4 6 5
9 83.01313018798828 60.732154846191406 47.729225158691406 255 255 255 0.0 11 0 10 1 9 2 8 3 7 4 6 5 5 6 4 7
10 104.72901153564453 62.79704666137695 28.6704044342041 255 255 255 0.0 18 0 19 1 20 2 1 3 2 4 3 5
11 112.64349365234375 43.0843391418457 3.6524851322174072 255 255 255 0.0 19 0 20 1 1 2 2 3 3 4 4 5 5 6 6 7 7 8
12 80.51590728759766 102.56407165527344 46.65676498413086 255 255 255 0.0 15 0 14 1 13 2 12 3 11 4 10 5
13 100.97183227539062 118.91426086425781 24.521657943725586 255 255 255 0.0 18 0 17 1 16 2 15 3 14 4 13 5 12 6
14 51.51357650756836 81.35484313964844 21.087135314941406 255 255 255 0.0 15 0 14 1 13 2 12 3 11 4 10 5 9 6 8 7 7 8 6 9
15 95.8243179321289 49.22831726074219 24.67845344543457 255 255 255 0.0 10 0 9 1 8 2 7 3 6 4 5 5 4 6 3 7 2 8
